-0.5061931908130646
0.7846657931804657
-0.42270317673683167
-2.03345850110054
0.3759191930294037
0.3025449812412262
-1.6505186259746552
-0.45857176184654236
-0.727301687002182
-0.3552909195423126
0.9521113336086273
-1.4443202316761017
1.5289975702762604
-3.355145901441574
1.7322580516338348
-0.17278030514717102
1.2833042442798615
-0.540374368429184
0.09334102272987366
-1.3044314086437225
0.6956292688846588
1.651555448770523
0.12769445776939392
-1.2520001828670502
0.16890183091163635
0.7399024069309235
-1.64626345038414
0.420118123292923
0.254560261964798
-1.1781524121761322
-1.962481290102005
-0.02489045262336731
-0.19217446446418762
0.302627831697464
-0.30497685074806213
-0.8857418596744537
0.05729004740715027
-2.4812741577625275
-0.15094861388206482
-1.544746309518814
-0.7879765331745148
1.9570113718509674
-1.5505562722682953
-0.10458573698997498
-0.7094819843769073
-0.7813583314418793
-0.6861244142055511
-0.2486102283000946
0.647268146276474
-1.1642788350582123
-2.252202183008194
1.1407648026943207
-0.20687982439994812
2.9460449516773224
-1.1293743550777435
0.6426103413105011
0.05062952637672424
1.377073973417282
-0.48658743500709534
0.09188011288642883
-1.386169046163559
1.7458771169185638
1.44379124045372
-0.10892078280448914
-0.6145830452442169
2.734697312116623
0.7749374210834503
0.30462339520454407
-0.864546149969101
0.695425420999527
-1.4932022988796234
-1.602560430765152
-0.06296440958976746
-0.23913636803627014
-0.974346250295639
0.8392836153507233
2.240215390920639
0.8624656498432159
-0.6817306578159332
-0.5807240307331085
0.7342730462551117
3.0141164362430573
-1.7871885001659393
0.07078692317008972
0.5203734338283539
-3.306945711374283
0.21431788802146912
0.050192028284072876
-0.3737656772136688
-2.2328566014766693
1.5466175973415375
0.9906093776226044
-1.441197544336319
1.5562169253826141
-1.2071217596530914
-0.6114117801189423
-0.04034653306007385
-0.23179039359092712
-1.3708926737308502
0.021055787801742554
0.5093468725681305
0.7361452281475067
0.8300091326236725
-0.38531914353370667
0.826399177312851
-0.6084083020687103
-1.0155071318149567
-0.6752596795558929
-0.53441122174263
0.483938604593277
-0.5806426703929901
1.3576196134090424
-0.31332269310951233
-0.2010248601436615
0.056272298097610474
-1.1952193081378937
1.203763335943222
-0.24399027228355408
-0.20471259951591492
0.5492027103900909
1.8334703147411346
-1.5035341680049896
0.2445460855960846
0.2821488678455353
1.810840517282486
-0.6178323924541473
1.0323570668697357
1.4722095429897308
-0.5951015651226044
0.379725843667984
-0.5456073582172394
1.7594753205776215
-0.40629103779792786
-3.047279864549637
-0.5691994726657867
0.5078665912151337
-2.257385104894638
-0.834600180387497
1.609271913766861
-0.9994073212146759
1.1127741634845734
-1.144685298204422
1.9911809265613556
0.38468137383461
0.6311409175395966
-1.4008043706417084
3.06284561753273
2.133335918188095
0.9830771386623383
1.5361542999744415
0.27076050639152527
-2.177792340517044
-1.4690344035625458
0.8353425562381744
-0.25285854935646057
-0.03940477967262268
-2.5772280991077423
0.04466012120246887
1.3879020512104034
0.6791733205318451
-0.43043598532676697
0.5331419408321381
-2.205832749605179
-1.3505993783473969
-1.0933707654476166
-0.26733502745628357
0.04946902394294739
0.11645391583442688
-2.135911136865616
-0.4558555781841278
-1.0987357795238495
2.7844054996967316
1.7375846207141876
0.6058962643146515
-1.0080523788928986
-1.2750889360904694
-0.231369286775589
-0.1803193986415863
-0.6791664659976959
1.537420004606247
1.046668142080307
0.302518755197525
0.8557121455669403
-0.3296022117137909
1.452738493680954
-1.327817291021347
0.4335533082485199
0.6024645268917084
0.2491261065006256
2.076278477907181
1.4319922029972076
1.6565977036952972
-1.088184267282486
2.11429700255394
0.8436058461666107
0.6568951904773712
-1.111864298582077
0.3190256655216217
1.2674711644649506
-0.9414495527744293
1.0904417932033539
0.13315513730049133
0.02956286072731018
0.9088166058063507
0.033117085695266724
-0.887245386838913
-0.34243330359458923
-0.804307609796524
1.3070200383663177
0.7163055241107941
0.5652429163455963
0.1635695993900299
-1.196550577878952
1.813717931509018
-1.8009527027606964
-1.3502903282642365
0.8514271676540375
2.724577933549881
0.27738407254219055
-0.3566505014896393
-1.6883741319179535
1.91438689827919
0.9724418818950653
-0.158529132604599
0.46661779284477234
-0.5575002729892731
5.345862656831741
1.9903172552585602
1.3938404619693756
0.32179757952690125
3.6912812292575836
0.647551566362381
-0.3126491606235504
0.44682368636131287
0.10880395770072937
-0.5704037845134735
-0.7844157516956329
-1.103588193655014
2.5532053411006927
-1.4618520438671112
-0.9585355222225189
-0.7200585305690765
0.8369101583957672
2.2308363020420074
-0.9166847169399261
-1.0578550398349762
0.4486076533794403
-0.34550055861473083
-0.6145302951335907
-1.1932893097400665
-1.0629956424236298
0.007663816213607788
0.930049866437912
-0.8708442747592926
-1.298481673002243
1.1710135638713837
0.6649811565876007
-0.735543817281723
1.1056973040103912
1.162087470293045
1.2361939251422882
-1.7336054146289825
-0.5423815548419952
1.4310120046138763
-0.8008722960948944
2.2467009723186493
1.1188589036464691
0.6731505692005157
-0.07766887545585632
0.9045787155628204
-0.20825132727622986
0.5040435492992401
0.4417385160923004
1.4275120198726654
-0.7291631400585175
1.1695866286754608
0.3685300052165985
-0.22458240389823914
-0.030401498079299927
1.7102642357349396
0.9070943295955658
-0.05417242646217346
-1.373104602098465
0.19846603274345398
0.748923271894455
-2.1532823145389557
1.7544923722743988
1.1140777170658112
-1.02219358086586
-0.11470302939414978
0.5261190235614777
-0.8817689120769501
-0.27285173535346985
-0.46028926968574524
-1.447581797838211
0.9105776250362396
0.10778561234474182
0.3734983503818512
0.7688011229038239
0.9631149470806122
0.4823113977909088
-0.21538928151130676
-0.30688270926475525
0.3608064353466034
2.0068813860416412
0.6839056313037872
-0.123911052942276
0.7071684300899506
-0.8273352682590485
1.8904130160808563
0.8792747557163239
2.067711502313614
-0.3301580250263214
0.5579088628292084
0.3457002341747284
1.4481739699840546
1.0314752161502838
-0.31072214245796204
0.6465347111225128
-0.2774794399738312
1.959633082151413
-0.7121755182743073
-2.180427759885788
0.9822504222393036
-0.8993910253047943
0.10305210947990417
1.4141832292079926
-0.3276066482067108
0.3896220028400421
-0.04408583045005798
-1.0849805176258087
2.1472881734371185
0.5325193703174591
1.6420374810695648
1.7741967737674713
-0.5141697824001312
-1.043231040239334
-1.3993237912654877
-0.7359085977077484
0.19949689507484436
0.5402453243732452
1.947917491197586
0.3324209153652191
-1.0296739637851715
-0.9141068160533905
2.3114432394504547
1.1625085771083832
-0.5985291302204132
-0.847102552652359
-0.46621397137641907
0.10487571358680725
1.450003832578659
0.12915626168251038
-2.000890225172043
-2.8670229017734528
0.14495894312858582
-0.35046353936195374
0.5091030895709991
0.09982779622077942
-0.039897412061691284
0.2369077503681183
-0.14216139912605286
-1.5890930593013763
-3.306654542684555
-0.5394370853900909
1.2816040217876434
-0.3690357506275177
0.44630691409111023
-0.08032187819480896
1.649693101644516
1.194496899843216
-1.8861313164234161
0.4085756838321686
0.3899367153644562
-0.13887837529182434
0.9282825887203217
0.7326613366603851
1.0764585435390472
2.2250549495220184
0.501699298620224
-0.47195687890052795
0.07798418402671814
-2.1134041249752045
-0.6697078049182892
0.7284100353717804
-0.7551069557666779
0.6380896270275116
0.5210177600383759
0.21474525332450867
-1.6662020981311798
1.3544566929340363
-2.9217655956745148
0.9692870080471039
1.079559475183487
1.6746445000171661
0.060590654611587524
1.8323682248592377
0.4969577491283417
-0.1482127606868744
0.5800016224384308
-0.5117280781269073
0.1151476800441742
-1.3281913101673126
1.3546527922153473
-1.6363738477230072
-1.0566775500774384
0.018421560525894165
0.7105617225170135
-0.26036307215690613
-0.7383973896503448
-0.5066065490245819
-1.2664620578289032
-1.9276012480258942
-0.29749974608421326
1.568634957075119
0.9481041133403778
-1.5353883802890778
-1.7924417555332184
1.2328101694583893
0.6313727796077728
-1.1968673765659332
0.7373969256877899
-1.133023351430893
1.991032212972641
1.9485555589199066
-0.49670711159706116
-0.08936688303947449
0.19974961876869202
0.7340650260448456
-0.7612781226634979
-0.24076297879219055
-0.09753301739692688
0.11278316378593445
0.6172747910022736
2.351757138967514
-1.1522652208805084
-0.396144837141037
-2.0039625465869904
-2.610657960176468
-0.22201642394065857
0.23318424820899963
0.18865957856178284
0.33982768654823303
0.7171167433261871
-0.6752161681652069
-0.3624524176120758
-0.9813706576824188
-0.006365925073623657
-2.457617074251175
-0.43841227889060974
1.9032780826091766
-0.3826938569545746
-0.6482388079166412
0.13123318552970886
-1.208493560552597
-1.0391132533550262
-1.5124695003032684
-1.2931294739246368
-0.18432393670082092
-0.7196147739887238
0.4963390529155731
1.6559402644634247
-0.9251274168491364
-0.3140614926815033
0.2653874456882477
-0.15761598944664001
0.4182995855808258
2.87778839468956
-1.288435310125351
2.526455372571945
0.25318965315818787
-0.06061151623725891
-0.5661986768245697
-0.1507936418056488
-1.4842285215854645
-0.8084471523761749
1.2341640889644623
0.9115873277187347
0.559239536523819
0.17018988728523254
-0.24261757731437683
-0.6051655113697052
0.3748221695423126
0.8928601443767548
2.9677714407444
0.12933000922203064
-0.1772870123386383
0.34877702593803406
0.1277787983417511
-0.3264380991458893
0.6243239343166351
0.4614056646823883
1.3344521820545197
-0.28422191739082336
-1.5732435882091522
0.28869137167930603
-0.2624650299549103
0.6004171073436737
0.5602161586284637
-2.465483397245407
1.30905881524086
0.6553535163402557
0.6795366108417511
-1.0740728676319122
-1.208852380514145
0.2099888026714325
-1.0417412221431732
-0.265512615442276
0.18926188349723816
1.5994422137737274
-0.19473418593406677
1.5630896389484406
-0.4935760796070099
0.8374609053134918
0.597522109746933
1.9443686306476593
0.7710541784763336
-0.02828851342201233
0.001757293939590454
-0.8470575511455536
0.3475092351436615
-2.0158465206623077
0.6366585195064545
-2.394041568040848
1.5435494482517242
2.0467089116573334
-2.8173919022083282
0.18087998032569885
-0.9669364988803864
0.6600196659564972
0.32852575182914734
0.3111632168292999
-1.5636397898197174
-0.09801849722862244
2.9902933537960052
0.18150433897972107
-1.3651745021343231
0.9834469854831696
-1.0053099691867828
0.31208351254463196
0.960795134305954
1.2187977135181427
1.4661549031734467
0.4534144699573517
-0.6571350991725922
0.6680609285831451
0.529169887304306
-0.5556939542293549
0.7953603565692902
0.30018940567970276
0.22593095898628235
0.011302679777145386
0.2202416956424713
-0.7515238225460052
-0.9177108108997345
0.28265461325645447
-0.13665065169334412
0.6810559332370758
-1.4472152292728424
-0.038980692625045776
1.1078234016895294
1.0443402826786041
-0.5874313414096832
0.565793365240097
-1.8460233509540558
-1.5535058081150055
-1.4286400377750397
-0.9134529531002045
0.3519667685031891
0.03573492169380188
0.6285519897937775
-0.09513035416603088
0.0943891704082489
0.43798282742500305
-0.7097457349300385
-0.2800591289997101
0.07807716727256775
0.36422714591026306
1.4217208325862885
8.793175220489502E-4
0.1534844934940338
-0.21846935153007507
1.064758449792862
-0.010623186826705933
-0.7669533789157867
0.5069737136363983
1.2907423079013824
1.5127821266651154
0.6111006438732147
-0.21269366145133972
-2.3135091364383698
1.9700409471988678
0.44281676411628723
1.939283162355423
-1.8886695802211761
-0.3772200644016266
0.5626331269741058
1.913875788450241
1.2656472623348236
0.5997787415981293
-2.6337386667728424
1.3949231803417206
-1.1940918862819672
0.03352031111717224
1.3407082855701447
1.3928921520709991
0.7725121080875397
0.018661171197891235
-0.06431087851524353
0.013842731714248657
0.4304744303226471
-0.7491083443164825
0.04544481635093689
0.25384262204170227
-0.8521060645580292
-0.4497091472148895
-2.409204989671707
1.6503004729747772
-0.9664462506771088
-0.3967536985874176
1.4791612327098846
-0.4936118423938751
-0.3664375841617584
0.8225445449352264
0.09025529026985168
-0.8304397761821747
-1.086486428976059
-0.3469081223011017
-2.7466894686222076
-0.14872238039970398
-0.5984281003475189
-0.327860563993454
0.30728742480278015
-1.4458845555782318
0.863625556230545
-0.36341890692710876
0.5754278600215912
-1.0151945054531097
-1.9452159106731415
0.4990597069263458
-0.06369158625602722
-0.531909316778183
1.1599473655223846
0.1143769919872284
-0.11394336819648743
-1.0683311522006989
-0.8688358962535858
-0.2548201382160187
-0.9532012045383453
-0.7337825000286102
0.7405699789524078
-0.022856444120407104
1.3114981353282928
1.0582678020000458
1.178479641675949
0.442841500043869
0.6182359158992767
0.32307252287864685
-0.21322235465049744
0.33538833260536194
-0.4873447120189667
1.3665418326854706
-1.353038102388382
-1.604631096124649
1.866173893213272
0.7192914187908173
-1.5359817445278168
1.1506761610507965
0.01224324107170105
0.4265601933002472
0.4132618010044098
0.5094565451145172
-1.0640226304531097
0.8778862655162811
-0.9058116376399994
0.042329877614974976
-3.3222605288028717
-0.3220798075199127
-1.5830428898334503
-0.7288174331188202
2.487226575613022
1.0922442376613617
0.12354716658592224
0.7966645061969757
-0.32372936606407166
-0.541950911283493
3.0514906346797943
0.3844700753688812
1.7028285562992096
0.014222711324691772
-0.16143903136253357
1.8512870371341705
2.4323301017284393
-0.35232290625572205
-0.9065552055835724
-0.6624864041805267
0.1944662630558014
-0.2364535629749298
-1.3901115953922272
0.24714693427085876
-0.6156857311725616
1.596922129392624
1.1689312756061554
-1.1201445758342743
-0.0239582359790802
-0.7151676714420319
-0.3549592196941376
0.5681486427783966
-2.185520678758621
2.272001951932907
-1.912039965391159
-0.04451826214790344
-0.3440187871456146
0.7438908517360687
2.0750726759433746
1.1196555197238922
-0.43313220143318176
1.4261950552463531
0.6825931370258331
-1.7951567471027374
0.19947990775108337
-0.4253588616847992
-1.1186714470386505
0.7452253997325897
-0.6343783438205719
1.5889419615268707
1.4506895840168
0.10016068816184998
1.3428230583667755
1.481337994337082
-0.3980518877506256
0.49432680010795593
0.39748653769493103
-1.1148308217525482
-0.8098538219928741
0.5642707645893097
2.034439593553543
-0.7960043847560883
0.379093736410141
1.4669756591320038
-0.33184245228767395
3.0372340977191925
0.9545750916004181
-0.5900545418262482
-0.16228720545768738
1.012711077928543
0.12969598174095154
1.1017800867557526
0.6069742143154144
-0.11660650372505188
-0.1896287500858307
-0.3396959602832794
-1.6156865656375885
1.4893363416194916
1.3867796957492828
0.0599120557308197
-0.8012507855892181
-0.23711726069450378
0.30505672097206116
-1.1947338283061981
0.6975938379764557
-1.1499567329883575
-0.11442914605140686
0.2944697439670563
0.9536941349506378
-1.6080252826213837
-1.1946366727352142
0.3450818359851837
-1.449761539697647
1.0886038839817047
-0.962129682302475
-3.608822673559189
-0.20769134163856506
-0.5413644015789032
0.27397170662879944
-0.2837182581424713
0.752566009759903
-0.6370849907398224
0.6415893137454987
-1.9625131785869598
1.1100991070270538
0.3854270279407501
0.6328316032886505
-0.14323130249977112
0.043623000383377075
-0.24343088269233704
-1.705683320760727
1.2764613330364227
0.17049863934516907
-0.5960141122341156
2.175806909799576
1.5575651824474335
0.8227570354938507
0.3193296492099762
-0.3093986213207245
0.43139412999153137
1.244831532239914
0.7604394853115082
-0.5101986229419708
0.025462359189987183
-0.14680162072181702
-2.029845267534256
-0.029486864805221558
-1.6664902865886688
-0.5543969571590424
-0.469067245721817
-0.6220380961894989
-0.17303064465522766
0.4512588679790497
-2.7916254103183746
-2.3714806139469147
0.1287783682346344
0.34999504685401917
-1.183352917432785
-1.6681231558322906
-1.0223530232906342
-1.1731462180614471
-1.8666855990886688
-1.0448949038982391
0.09986236691474915
0.03995940089225769
0.12243464589118958
0.827048271894455
0.9996993839740753
-2.9557396471500397
0.5214445292949677
-0.5398650467395782
1.2938104569911957
1.5595416724681854
-0.2620808780193329
-2.396048754453659
0.39124712347984314
-0.5086101591587067
-1.1458934843540192
-0.19837036728858948
0.005160719156265259
-0.7049743831157684
1.5899644792079926
0.3178100287914276
0.11264517903327942
-0.5354507267475128
-1.3035650551319122
-0.6809793412685394
0.17413929104804993
-0.8001191914081573
0.578857809305191
-0.27434661984443665
0.5865363776683807
0.5261357128620148
-0.965019017457962
-1.770811527967453
-1.3226763904094696
1.2237916886806488
2.4446193873882294
-1.3543938100337982
-0.4082129895687103
0.3946097195148468
-1.1547158658504486
0.3791193664073944
1.6466747224330902
-1.752433031797409
-0.15706047415733337
1.1558903753757477
0.5072350800037384
-0.3170524537563324
0.8914421498775482
-0.3961499035358429
-0.360347181558609
0.737394243478775
0.7962389290332794
1.125040203332901
0.5521784722805023
-0.05822494626045227
-1.9641609489917755
1.1930535733699799
0.20856276154518127
-0.30319944024086
2.3008789122104645
0.6203274428844452
-0.046056658029556274
1.641109138727188
-1.2410889565944672
0.9814886748790741
-0.7359574735164642
0.05273088812828064
-1.0761947929859161
-1.0718972980976105
-2.3496057093143463
-1.2022455036640167
0.48430994153022766
-0.7845689356327057
1.4012070000171661
1.209169179201126
0.5794169008731842
-1.0254700481891632
-0.2055533230304718
-0.6884737312793732
-1.1349131166934967
-1.2501983344554901
-2.185082882642746
-1.301933079957962
1.469181627035141
-1.0390926897525787
0.7303522527217865
-0.09303733706474304
-0.3463102877140045
0.22573783993721008
1.4901866018772125
1.9050051271915436
0.3683064877986908
-1.6838623583316803
0.012476593255996704
1.6658119857311249
-0.37544503808021545
-2.6839734613895416
0.09240373969078064
-1.3899098336696625
0.020375996828079224
0.5051760375499725
-0.05478665232658386
0.8436994254589081
-0.24320051074028015
-0.5219165980815887
1.6337873041629791
-0.06770774722099304
0.6427271664142609
0.01283213496208191
0.6664116680622101
-0.16930893063545227
-0.0019980967044830322
-0.005913823843002319
0.24507954716682434
0.36555126309394836
-1.2365619838237762
-1.0358966886997223
-1.5801487863063812
0.8286936581134796
-0.0026963651180267334
-0.050126463174819946
0.2818088233470917
-0.9773798286914825
0.8199478685855865
1.40853151679039
-0.8004744350910187
0.880645364522934
-0.2964402735233307
-0.6623385846614838
1.4051206409931183
3.5628171265125275
-1.1862866580486298
-0.6527213752269745
0.7415063679218292
2.404928058385849
-1.071082204580307
1.5886901319026947
0.3176267445087433
-2.242952734231949
0.27714356780052185
-1.1560873687267303
0.4692481458187103
0.6554184854030609
-0.7702530920505524
0.7409365475177765
0.9327863156795502
0.08534267544746399
-1.3089503347873688
-0.25495246052742004
-0.39982661604881287
1.318211704492569
-1.1738692224025726
0.7912097871303558
-1.4184845983982086
-0.9613905847072601
-0.1328049600124359
-0.6186018884181976
0.5095963180065155
-1.4819307625293732
1.2191717326641083
-0.054654330015182495
1.5805788338184357
-0.06541416049003601
-3.4377677738666534
0.10975584387779236
0.4603831470012665
1.0307671129703522
0.650145560503006
0.32565221190452576
1.2107475101947784
0.9407757222652435
0.6852127611637115
-1.173943430185318
-0.1201106607913971
-0.23403063416481018
1.1914674937725067
-0.582914799451828
-1.2425173819065094
1.5041838586330414
-0.03266945481300354
-1.287539154291153
-1.0918648540973663
-0.14329597353935242
0.09363546967506409
-0.2852250635623932
-1.7045722901821136
2.319096475839615
1.8658067286014557
-0.7951976358890533
-0.07105126976966858
1.6140000522136688
0.988122969865799
-0.5551759898662567
-0.6533567607402802
0.5898483097553253
-0.709751695394516
1.7399315536022186
-0.7993735373020172
-0.48246994614601135
-0.9118653833866119
1.659386307001114
-0.7947202026844025
-0.15921249985694885
-0.5772735178470612
1.9226019084453583
-0.85189089179039
-1.8816997110843658
2.024359256029129
-0.5249561369419098
-0.5773250758647919
-0.012834221124649048
-1.4332138001918793
-2.468382567167282
-0.1926960051059723
1.0715384781360626
-0.3788645565509796
-2.081127017736435
0.22056207060813904
1.8685905635356903
-0.8411441743373871
1.118062287569046
-0.7322679460048676
-0.7750897109508514
1.9156162440776825
-0.27915313839912415
-0.07101759314537048
-1.0546712577342987
0.9549133479595184
0.3754971921443939
-1.4333362877368927
0.4594506323337555
-0.29923006892204285
-0.648203045129776
0.5048553645610809
-0.060953348875045776
-1.0145847499370575
-1.6236312687397003
-0.3839288651943207
-0.6271146237850189
0.6619785726070404
-0.6794746220111847
-1.899377852678299
0.4169236123561859
0.8618609607219696
0.15983179211616516
-0.7604371011257172
-1.0200996696949005
0.1297183334827423
0.7065536081790924
0.17745986580848694
-0.638648122549057
0.9565357863903046
-0.8068136870861053
-2.204345315694809
0.4670010507106781
-0.5426271259784698
-0.4253022372722626
0.7194556295871735
-1.460709124803543
-1.2840624153614044
0.04873588681221008
-1.3373436033725739
0.35550519824028015
-1.2204383313655853
0.03648832440376282
0.5225850641727448
0.9995396435260773
-0.5163569748401642
-2.0186398923397064
-0.4414413869380951
0.9307725727558136
0.3185863792896271
-1.5640734136104584
-0.5359284579753876
-0.5075989663600922
0.10761812329292297
-0.4286624491214752
0.6485186517238617
-1.0569895803928375
-1.9444407522678375
-0.030233114957809448
-0.8563490211963654
0.6543128192424774
-0.9080798923969269
-1.3430862128734589
0.09310618042945862
-0.9135739505290985
1.28493532538414
-0.255289226770401
1.156729906797409
-0.5845524370670319
-1.8132375180721283
-0.7107098400592804
0.7869158685207367
-2.1722154319286346
-2.0612384378910065
-0.5537544190883636
1.30917027592659
-0.8418376743793488
1.2704484164714813
0.7703714072704315
-0.8412306010723114
2.0312727987766266
-0.23135259747505188
-1.6628201305866241
0.005425065755844116
-0.9834285080432892
-1.3652102649211884
-0.3153251111507416
0.45973077416419983
-0.9736253321170807
0.1676546037197113
-0.6609062850475311
-1.0553081333637238
0.48302575945854187
0.19280776381492615
-0.36464229226112366
-0.2861805260181427
2.9438702762126923
1.5902407467365265
-0.7150717079639435
0.14533057808876038
-0.39030924439430237
-1.6131989657878876
2.195015400648117
-0.9853465855121613
0.06174042820930481
-1.005999594926834
-0.9279845654964447
0.8669526875019073
0.2981843054294586
0.7006557285785675
2.6944829523563385
2.322762757539749
2.315041273832321
-0.719885379076004
0.36660388112068176
1.0386408865451813
-0.22511020302772522
-0.8897446095943451
-3.2144634425640106
-0.6772075593471527
-0.3568066656589508
0.42559757828712463
0.528024286031723
-2.1009232103824615
-1.0067696869373322
-0.9245695173740387
0.713016539812088
1.3595594465732574
-0.8725066483020782
-0.35245493054389954
-0.041175633668899536
0.8827011287212372
-1.2979723513126373
0.2884937822818756
-1.7752917110919952
0.33998921513557434
2.0774181187152863
1.2947069108486176
-0.5908702313899994
-0.5420158803462982
1.4829249680042267
-0.1178102195262909
-1.8971680104732513
-0.35202786326408386
1.5957899391651154
-0.23463383316993713
1.1850197613239288
0.5110858380794525
-0.0713174045085907
-1.365656703710556
-0.8304621279239655
-2.7849625051021576
0.081702321767807
1.8372733891010284
-0.5479775369167328
1.2637139856815338
-2.475699335336685
-0.8802004158496857
0.3694017231464386
0.5360843241214752
-2.2565145790576935
-0.6597672402858734
1.103777438402176
2.387358993291855
0.5204258859157562
-0.5131606757640839
0.7360629737377167
0.11874571442604065
0.5429627001285553
-0.22983655333518982
1.1619363725185394
-0.3911443054676056
0.877048522233963
2.049902230501175
-1.3354609906673431
-0.8377061784267426
0.3802357614040375
-1.2551002204418182
1.8828953802585602
1.1955852806568146
-1.6655628383159637
1.4725174009799957
-0.6580193340778351
-2.101481705904007
0.7059259712696075
0.4569767415523529
0.4816131293773651
0.09576931595802307
0.5774028599262238
1.322171539068222
0.3446049988269806
-1.12639918923378
-0.14042928814888
-2.086731344461441
0.11901602149009705
0.4014073312282562
1.4021466672420502
0.41089192032814026
-0.30303165316581726
-1.4907966554164886
-1.0027767717838287
0.774034708738327
0.34491583704948425
0.6547601521015167
2.188553363084793
0.042338818311691284
-1.2581463158130646
-0.6875105202198029
0.8668054640293121
-0.31241491436958313
-1.0104285180568695
0.5869512259960175
1.4848314225673676
1.0038913786411285
-1.6000567376613617
-1.3385574519634247
-1.1516301333904266
-0.6622804701328278
0.045425742864608765
-0.5306039750576019
-1.7915521562099457
0.9081141650676727
-0.4392595589160919
0.5046768486499786
0.8950890600681305
0.416216105222702
1.172720342874527
-1.5503300726413727
0.0758601725101471
-1.2446381151676178
0.035569220781326294
-0.9571348130702972
-1.3482184708118439
-1.9319753348827362
-0.008385628461837769
-0.651300698518753
-0.7259412109851837
-0.12429609894752502
-1.0267351567745209
-0.9931160509586334
-0.06974354386329651
0.2308236062526703
1.1190129816532135
-0.09881481528282166
-0.263017863035202
2.9900626838207245
-0.07553085684776306
0.8360879123210907
-0.023826807737350464
2.239687889814377
0.4982157051563263
0.6925122439861298
-0.12257680296897888
0.4984016716480255
-2.4912454187870026
0.4939939081668854
0.753786712884903
-0.9387557208538055
-0.7132227718830109
-2.6032237708568573
0.41193827986717224
-0.1965688169002533
-0.5641777813434601
-0.4529188573360443
-0.5582170188426971
0.5303125083446503
-1.0485072433948517
0.07022753357887268
-0.6459353864192963
1.3794346153736115
0.7488022744655609
0.34201428294181824
0.5743066966533661
3.6905886232852936
-0.42403653264045715
0.5729158222675323
-0.1692710816860199
-0.4213772714138031
0.24298354983329773
-1.3603802025318146
0.6670649349689484
0.22116228938102722
-1.8106453120708466
-1.8131165206432343
0.7463885843753815
0.08271411061286926
0.08961185812950134
-0.4593561589717865
-0.3457053005695343
-0.4968036711215973
-1.6090892255306244
0.1258869469165802
1.5179140865802765
0.6304718554019928
1.443028301000595
3.570367842912674
-1.9570232927799225
0.9803499281406403
-0.18164947628974915
1.8687792122364044
0.25894537568092346
-1.3322888314723969
-0.407019704580307
-0.16145750880241394
0.9261132776737213
-0.8100594580173492
-0.8164773881435394
-1.192074567079544
-0.6035594642162323
-1.2662224471569061
0.04232332110404968
-0.6836311519145966
-0.5242802202701569
1.1839298903942108
-0.6526394188404083
-0.08978083729743958
-0.4291863739490509
0.6424058973789215
1.8900109827518463
0.06925120949745178
0.7655103504657745
-0.6244401633739471
-0.6704844534397125
0.4017065465450287
0.3616143763065338
-0.11202827095985413
0.7882292568683624
1.8357501924037933
0.7363493740558624
-3.217923790216446
-0.9338532388210297
-2.2698642313480377
2.14401975274086
-0.7567678391933441
0.36554500460624695
0.6190945208072662
0.14595583081245422
-1.6094233095645905
-0.9971560537815094
1.424560695886612
0.4783289134502411
1.2927959859371185
1.0957054793834686
-1.3141168653964996
0.09680137038230896
-1.2283523380756378
-0.8568696677684784
0.932231992483139
-0.5907182395458221
0.18273189663887024
0.4468594491481781
0.45170411467552185
-1.6975884139537811
-0.49478068947792053
2.283559888601303
0.8586908876895905
-0.11905357241630554
-0.5457110702991486
-0.531034916639328
-0.31057074666023254
-1.7815108597278595
2.227480262517929
-1.1741651594638824
0.16338273882865906
-0.38318589329719543
0.6570397317409515
0.266486257314682
1.2890313565731049
-0.3118579089641571
-0.3776000440120697
-0.11367931962013245
1.8844611942768097
0.23617073893547058
0.7605637609958649
1.1331091821193695
-0.4770870506763458
0.06727024912834167
-0.53195521235466
0.28765663504600525
-1.2658141553401947
-1.3115133345127106
1.0323171317577362
1.0249589383602142
-0.13932004570960999
0.2906922996044159
0.6348039209842682
-1.0558728873729706
1.7800931632518768
0.7052318751811981
1.6882891952991486
-1.3107715547084808
0.002273470163345337
-0.9807820618152618
-1.1376617848873138
0.6573925912380219
1.350722461938858
-0.8251295983791351
-0.22239431738853455
1.54898002743721
-1.5872208774089813
1.1079634726047516
1.1822466552257538
-0.27254000306129456
0.03191515803337097
-0.1677282154560089
-0.10915413498878479
-0.842752605676651
0.0876985490322113
-1.1904935538768768
0.07271870970726013
0.32382652163505554
0.3111402690410614
0.30906304717063904
-1.6951550543308258
0.5958996713161469
0.8150012791156769
0.4769216477870941
0.5799777805805206
-0.008902102708816528
2.286931425333023
0.641901046037674
0.29270127415657043
-0.6338293850421906
0.5487321317195892
0.2025379240512848
-1.5939678251743317
-0.6374983489513397
0.7969333231449127
-0.2327166497707367
0.4872484505176544
1.2085123360157013
0.010613948106765747
-2.168595939874649
0.16838744282722473
0.04724666476249695
0.715334564447403
1.2635235488414764
1.3573761284351349
-1.0742239654064178
1.657090038061142
-1.6649995744228363
-0.4467014968395233
1.2488703429698944
0.5378223955631256
-1.192346066236496
-0.49991920590400696
-1.3479305803775787
-0.525517612695694
0.04163011908531189
-0.6889347732067108
-2.7377937734127045
-0.2414335310459137
-0.9521417319774628
-0.9995312988758087
0.051219016313552856
-0.03962859511375427
-0.26289835572242737
0.42308226227760315
-2.215428799390793
0.837550014257431
0.8902566134929657
-0.6764651834964752
-0.2229456603527069
-0.38088515400886536
-1.0539154708385468
-2.1277303993701935
1.8101780116558075
0.3310789167881012
-0.03332987427711487
2.01594814658165
1.6937796771526337
0.9887082874774933
1.8054191768169403
-1.028326004743576
0.36843404173851013
0.6111083924770355
-1.8744219839572906
1.254926472902298
-2.2478394210338593
0.3431461751461029
0.7363264262676239
1.3735856115818024
1.1983992159366608
0.46897515654563904
0.8904673159122467
-0.5610556900501251
1.0012488067150116
0.4573236405849457
0.2694632112979889
0.5869944393634796
1.3772951066493988
-2.6420964300632477
-1.116447001695633
-1.3645316660404205
0.4195000231266022
0.8925794064998627
1.1753363907337189
0.3902535140514374
-0.9559966623783112
-1.1391983926296234
-1.364307850599289
-0.005028396844863892
-1.2718860805034637
-3.536534458398819
-1.7732878029346466
-0.7601366937160492
-0.23805394768714905
1.4817990362644196
-2.0557115972042084
1.4321307837963104
-0.29931917786598206
-0.6187544763088226
-1.7294941842556
-0.8650244772434235
-1.384514719247818
-0.8794604241847992
2.151520699262619
0.8601497113704681
0.8153693377971649
-2.303728312253952
1.9222240149974823
-0.18577411770820618
-1.0766096413135529
-0.831630676984787
-1.9524435698986053
-0.08351698517799377
-0.9246431291103363
-1.8358351290225983
-0.4619373381137848
0.5067245662212372
-1.2816064059734344
0.8267514407634735
1.7056740820407867
0.14864370226860046
-1.2380684912204742
-2.2526060044765472
0.6994403898715973
0.7704700529575348
-0.5237896740436554
0.14647319912910461
0.5721168220043182
-0.6243826448917389
-1.1799202859401703
0.05384370684623718
0.17883524298667908
2.313510924577713
0.8555309474468231
-1.1928273737430573
0.8888019621372223
0.8090142905712128
1.41845241189003
0.31247928738594055
-0.04525825381278992
0.06900385022163391
2.1376629173755646
0.8094684779644012
0.025904327630996704
-0.7597987353801727
2.2141583263874054
-1.0033337771892548
0.32783016562461853
-0.1408056914806366
1.0882307589054108
-2.7608035504817963
0.9252221882343292
-0.8353190124034882
-0.4132251441478729
-0.3375105559825897
-1.2300540506839752
-0.5306778848171234
2.2223706543445587
0.8640278875827789
0.3489507734775543
-1.5105630457401276
1.9324995577335358
0.464467853307724
-0.4667086899280548
-1.4414100348949432
-1.1555515229701996
0.586717277765274
-0.721210390329361
1.008506566286087
-0.19428804516792297
-1.8362759053707123
-0.2951185405254364
0.15913590788841248
1.3191162049770355
-1.8606941401958466
0.540226548910141
-0.10952487587928772
-1.6703741252422333
0.528198629617691
-0.6141005456447601
0.2583290636539459
0.17024561762809753
1.966567486524582
1.132180541753769
-0.7757954299449921
0.9992511570453644
1.6010354459285736
-0.10298177599906921
-0.6460212171077728
-1.0563771426677704
0.015482157468795776
-0.20305737853050232
-1.1677519977092743
-1.0758452117443085
-2.145540565252304
-0.2615340054035187
2.8504712879657745
-0.32532259821891785
-1.7313580214977264
0.9305737912654877
-1.3234634697437286
-0.9266959130764008
-0.16902104020118713
-0.2978317439556122
-0.27032360434532166
0.522768646478653
-0.38983896374702454
0.02894178032875061
0.5281050503253937
-0.6861840188503265
-0.36951377987861633
-1.241389662027359
-0.926758199930191
-1.3036419451236725
-2.55783274769783
1.1082617938518524
-1.2299089133739471
-2.6046691834926605
0.8204896748065948
0.8336926996707916
1.5536405146121979
-0.9593783318996429
-0.09562864899635315
-2.886616140604019
2.1186713874340057
0.3572528064250946
1.0281674563884735
-0.18140241503715515
0.21225914359092712
1.4090989530086517
0.5500735342502594
-1.413196176290512
0.8723948895931244
1.3112019002437592
-0.8081938326358795
0.4302884638309479
1.3363157212734222
1.232357770204544
0.9996737539768219
0.1494307816028595
0.24925842881202698
0.3889612853527069
-0.5481471121311188
-1.6116370260715485
-1.1977656185626984
-0.7842205464839935
1.9106961786746979
-1.938883513212204
-0.5696596205234528
0.2484084665775299
-0.19524618983268738
-2.0887120068073273
-0.9624813497066498
-1.8674452602863312
0.5238427221775055
-0.7144896686077118
0.525812953710556
-0.19676193594932556
-0.6715686619281769
-0.5737565457820892
-0.2676282823085785
-2.911703437566757
-0.5555583536624908
0.23461684584617615
0.6649507582187653
-0.34940823912620544
-0.3815780580043793
0.10001406073570251
-0.30036434531211853
-0.5530063807964325
0.7132460176944733
0.030075758695602417
1.27848282456398
0.13589724898338318
1.4765654504299164
0.8046640455722809
0.09435191750526428
0.0911305844783783
1.6585303843021393
-1.019502431154251
1.83527871966362
-1.0232414305210114
1.560531109571457
-0.44375672936439514
-0.18531247973442078
1.4100821316242218
-2.1507970988750458
1.2354235351085663
-0.3501908481121063
1.7867173254489899
2.766135483980179
1.1369402706623077
0.3586937487125397
1.2794463336467743
-0.0023342669010162354
0.6535835564136505
-0.4659189283847809
-0.529196709394455
-0.12932583689689636
-0.3783433139324188
-0.36065563559532166
0.23223713040351868
2.01620951294899
0.8601360023021698
1.7423741519451141
-2.080133706331253
0.02340361475944519
-0.36120787262916565
-0.48923954367637634
3.14681276679039
0.5616937577724457
1.1054806411266327
-0.4464404284954071
-0.3324602544307709
-0.30131563544273376
0.3315497934818268
1.9994013011455536
-0.6239210069179535
0.1973988115787506
0.5603630840778351
0.06339684128761292
-0.27230456471443176
0.29675528407096863
1.1444984376430511
1.708027869462967
-0.43140456080436707
0.8389900624752045
1.9830597937107086
0.3329111635684967
-1.5932570397853851
-0.7551537454128265
0.3947572410106659
0.3560350835323334
-0.5664132535457611
0.06416812539100647
-0.5726762115955353
-0.10591849684715271
0.8524151146411896
-0.6158588826656342
1.0819320380687714
-0.6333743035793304
-0.8034573495388031
2.523341029882431
0.46794429421424866
-0.5376072227954865
-1.5445224940776825
-0.4086734354496002
-2.0750994980335236
0.5116845667362213
0.9035272896289825
-0.9749732911586761
-0.22679492831230164
2.4829693138599396
-0.42061492800712585
0.7667972147464752
-0.9406571090221405
0.11468574404716492
-0.19521519541740417
0.14459535479545593
-0.7595066726207733
1.1924214661121368
0.5376867949962616
0.2061767876148224
0.9189338982105255
2.3511631786823273
-0.7310290634632111
-1.3168026506900787
0.8896254003047943
-0.9735821187496185
-0.5152447521686554
0.03252848982810974
2.4460531771183014
-1.3877631723880768
-1.0070426762104034
-3.1861133873462677
-1.3336952030658722
0.4474698007106781
0.0983266532421112
-1.3529829680919647
-0.1846139132976532
0.9505544602870941
-0.3835444152355194
-0.6592704355716705
0.4823915660381317
-1.1894603073596954
0.48357322812080383
-0.06285056471824646
0.40024682879447937
1.9033972918987274
0.5108790099620819
0.2821575105190277
-1.3084076344966888
2.6607169210910797
-0.39412423968315125
1.2720797955989838
-0.7176537811756134
-0.7044337689876556
2.3215781152248383
0.8659513294696808
-0.7642070949077606
-1.963426023721695
-0.0986073911190033
0.9156598150730133
2.1294893324375153
0.10511830449104309
-0.2648349106311798
-0.19338145852088928
0.4736773669719696
-0.0498296320438385
-0.44073715806007385
0.49990907311439514
-1.771293431520462
-1.2220613658428192
1.089143306016922
1.4977563917636871
-0.49847885966300964
0.72313591837883
-0.9294028580188751
-0.15421614050865173
-1.241147369146347
-1.4555321633815765
-0.3605644404888153
0.9194286167621613
-1.3115544617176056
0.3296758234500885
-0.04614219069480896
-0.5500252544879913
0.9308017790317535
-1.3180656731128693
1.1736063659191132
-1.3754181563854218
-1.5350572764873505
1.8640993535518646
0.5231447517871857
0.5858208239078522
-1.2558694183826447
-0.7143764197826385
0.09742572903633118
1.065600961446762
0.5467839539051056
-1.3127146661281586
-0.20441517233848572
-0.8583737909793854
0.947163850069046
-0.00675395131111145
0.9157337248325348
-0.40802404284477234
0.44529542326927185
1.045721024274826
0.4375799000263214
-0.6761361658573151
0.04758074879646301
1.011638194322586
1.0412825644016266
0.4995827376842499
0.5384953320026398
-2.144053727388382
0.9887991845607758
2.151709944009781
2.3906050622463226
-0.833427757024765
-0.8563236892223358
0.22605761885643005
1.3099928200244904
-0.3041328489780426
-3.505985289812088
-3.2424966990947723
0.002260059118270874
1.5347965061664581
0.32545819878578186
-0.8311329782009125
1.5675528347492218
0.7692103087902069
2.370152324438095
0.849679559469223
-0.07820501923561096
-0.7195110619068146
-1.4273490011692047
-1.2297247350215912
-0.524781197309494
-1.5060080587863922
1.7091743648052216
-0.6021334230899811
-1.3376809656620026
2.255055159330368
-0.05904987454414368
2.3196159303188324
0.0011809170246124268
-0.2648864686489105
-0.062015801668167114
1.1793182790279388
-0.7374514639377594
-1.3580350577831268
-0.3621305525302887
-0.19457921385765076
1.2448696792125702
-1.1898700892925262
-0.612325519323349
1.273052841424942
2.126779705286026
0.529131144285202
-1.114504486322403
1.876775473356247
1.3889016211032867
1.323368102312088
-0.8738882839679718
-0.3656335175037384
0.8507807552814484
-0.36738649010658264
-1.895410269498825
1.916884332895279
1.738392859697342
-0.4163636267185211
1.1945442855358124
0.9976263344287872
-1.036306768655777
-2.86999449133873
1.206151396036148
1.3278771936893463
-0.06977185606956482
-1.911291629076004
-0.28216972947120667
0.49073293805122375
0.27924731373786926
0.09117946028709412
-1.1780841648578644
-0.16320094466209412
-0.6806527078151703
1.516575962305069
-1.6099871695041656
-2.421024590730667
-0.20103350281715393
-0.4965810477733612
0.5016414821147919
-0.09636327624320984
0.24217799305915833
-0.16559556126594543
0.03436073660850525
0.5361808836460114
1.3074381649494171
2.0579518377780914
-0.02127930521965027
-0.1162467896938324
-1.342935711145401
-0.6993643939495087
-0.6874789297580719
-0.16722366213798523
