0.49329 0.20019
0.1782 0.11325
0.89122 0.8839
0.99506 0.027441
0.34719 0.97496
0.32404 0.55949
0.88159 0.70018
0.10298 0.43697
0.36078 0.7134
0.27377 0.12456
0.17873 0.46904
0.67393 0.7443  
0.29508 0.31469
0.77979 0.54346
0.46741 0.25984
0.077286 0.92419
0.26602 0.21806
0.79735 0.4302
0.56023 0.10982
0.30115 0.50612
0.11467 0.26791
0.45653 0.54806
0.73157 0.69891
0.30367 0.77982
0.98842 0.26721
0.59587 0.12655
0.61047 0.52953
0.92236 0.53276
0.025785 0.87884
0.5882 0.76488
0.76929 0.52865
0.79951 0.65286
0.72516 0.45377
0.52563 0.9644
0.86799 0.31964
0.5604 0.40815
0.97482 0.31847
0.16336 0.52937
0.71582 0.93851
0.76615 0.24233
0.099504 0.84324
0.3385 0.91287
0.47114 0.55401
0.97391 0.95999
0.082698 0.56509
0.67241 0.90665
0.11047 0.8606
0.19976 0.9453
0.80436 0.0033579
0.38604 0.40962
0.63666 0.1816
0.82739 0.11681
0.3322 0.95561
0.66719 0.047564
0.38975 0.60452
0.855 0.64014
0.70464 0.025438
0.7622 0.71646
0.84365 0.41638
0.039106 0.98375
0.64914 0.18316
0.22546 0.25185
0.26933 0.00029425
0.83601 0.38615
0.068984 0.88777
0.019272 0.29327
0.47815 0.9382
0.32143 0.1561
0.55481 0.5598
0.65607 0.51373
0.62944 0.98752
0.73707 0.36436
0.35451 0.21563
0.1071 0.62934
0.31824 0.24229
0.70425 0.44125
0.33909 0.096785
0.71322 0.64888
0.56752 0.022765
0.72453 0.15715
0.51201 0.39068
0.31083 0.39426
0.68129 0.35151
0.073537 0.58526
0.37433 0.59992
0.84338 0.36157
0.60243 0.08496
0.28492 0.82129
0.40229 0.5643
0.96166 0.49112
0.513 0.37643
0.7575 0.87964
0.64523 0.94307
0.2234 0.75725
0.48601 0.124
0.19188 0.9733
0.55223 0.57383
0.92122 0.077544
0.87066 0.94502
0.19985 0.7452
